-7.87 -4.00 -3.90 6.18 2.89 7.28 -4.74 4.96 -8.33 8.67 -9.37 0.82 
4.58 -5.63 -4.68 7.34 -6.97 -8.73 -5.61 7.45 -4.52 0.98 -8.92 -4.86 
-9.98 -1.64 -4.99 -0.70 5.45 6.88 -5.11 -6.03 9.86 -0.65 0.13 6.43 
-4.06 6.26 7.19 -6.63 9.25 -8.58 6.20 -7.81 -7.78 -1.02 -0.92 -4.66 
-0.15 1.55 -4.93 5.94 7.76 1.31 -7.44 9.78 -7.13 -0.60 -8.40 -9.30 
7.21 9.71 0.38 -0.93 -4.80 6.23 9.64 -4.68 8.72 -2.13 -1.41 8.77 
-1.38 -9.27 1.10 5.04 -8.14 -2.56 -7.50 -6.17 4.28 6.85 3.06 8.27 
5.58 -7.16 -9.90 3.83 -1.04 -0.71 9.49 -9.46 6.15 3.19 -1.42 9.13 
-0.14 -2.12 2.83 -1.37 3.16 5.59 2.25 0.23 8.32 9.11 6.36 -8.65 
-6.50 7.79 -0.72 5.53 1.04 3.90 -6.60 -5.47 3.98 -2.03 3.23 5.30 
-3.38 -3.75 -5.29 -6.73 -1.29 -8.25 -4.95 3.98 -2.87 6.41 6.91 -8.37 
-3.40 3.67 -8.07 -4.17 1.06 0.63 2.33 -9.57 8.10 0.42 5.35 -1.07 

2.11 8.52 -0.67 -3.30 3.43 3.90 -1.99 -2.67 8.52 2.87 6.78 -9.50 
-9.17 -6.40 -7.52 -4.39 6.41 7.07 8.68 -7.44 -1.50 -0.04 0.91 2.22 
-1.01 3.09 4.29 7.68 -0.34 6.49 -9.29 7.83 7.30 3.87 -8.80 2.07 
-7.65 9.10 9.10 4.10 6.70 5.35 3.36 -4.55 -1.26 -3.99 8.32 4.91 
6.49 2.17 2.40 -3.66 8.43 4.21 -1.88 5.26 0.73 9.04 4.83 -8.49 
-5.30 9.61 -1.12 -5.47 -2.58 -9.18 0.96 3.72 -0.15 9.94 -0.68 7.97 
8.23 -1.05 -5.97 3.67 4.14 5.49 -7.98 -6.75 2.06 2.70 -3.90 8.42 
3.76 -9.60 -6.87 -8.73 -6.63 6.63 -7.64 4.92 -5.95 8.73 -4.92 -4.16 
-5.49 9.13 4.58 -7.30 -3.68 4.12 -2.84 -3.01 9.34 7.77 -3.75 -3.36 
-7.03 -3.49 -9.73 -7.43 9.81 4.38 5.75 -2.31 -5.69 1.06 -8.61 4.16 
-2.52 -3.93 2.05 5.77 0.72 5.55 -9.04 -6.53 -5.12 1.44 9.79 3.16 
-6.60 1.30 2.44 -0.89 -8.33 8.19 6.90 3.76 -4.69 6.12 1.23 -3.00 

-60.44394 -32.03419 -71.74959 -130.60074 45.31542 -140.66516 203.33221 160.12888 -218.61795 2.75003 -102.29842 93.12477 
65.24275 -53.26748 1.03524 -30.15961 -18.14114 -47.32537 68.29611 16.42277 -34.98322 -210.71280 0.89470 -112.73058 
-153.86055 145.08369 136.09370 -96.81219 -96.92284 -103.69731 144.31799 57.17381 -24.72330 121.57779 17.89787 13.32546 
187.61804 -176.75833 -64.61328 181.21303 213.71063 59.78128 -49.66293 1.45431 43.67965 -101.96214 -52.26246 5.65615 
89.85107 -71.03316 -50.86984 -151.81927 109.00251 -100.17905 79.45939 110.15547 -91.78551 -19.89745 49.00446 -112.14085 
-156.74931 180.16933 -49.48772 -71.34381 -31.95040 129.29454 73.56551 -153.70969 153.70731 146.17085 -12.63716 71.39076 
-215.71877 135.58267 171.13425 72.77376 -98.03996 2.70546 105.39872 8.54484 -33.82777 -97.20440 1.46897 29.84507 
-15.03877 231.87361 65.53016 -7.16562 29.08945 25.08630 106.18982 -157.61877 60.05323 -5.74236 102.09460 12.51295 
-31.57153 72.63990 -56.45800 -94.05746 131.21729 9.95798 -157.58270 -52.44634 63.02982 138.79562 -95.63612 87.38757 
-266.33685 79.62803 125.68318 2.88346 -3.82049 19.58131 186.59062 -42.26063 -52.85397 4.51141 111.25513 66.60921 
102.14428 -284.00647 -126.81784 -23.02390 32.64397 -54.55375 -70.89870 -41.19046 -146.29128 -132.29227 -23.53355 -49.99607 
-68.01933 32.54272 -2.86371 -29.64764 54.13364 -57.70235 76.51458 -181.64192 25.11709 -21.27642 76.37569 53.41082